t0 <- 0
C0 <- 
structure(c(0),
.Dim = c(1))
D <- 30
V <- 2
times <- 
c(0.5, 1, 1.5, 2, 2.5, 3, 3.5, 4, 4.5, 5, 5.5, 6, 6.5, 7, 7.5, 8, 8.5, 9, 9.5, 10)
N_t <- 20
C_hat <- 
c(3.82786019958699, 7.4669704280624, 7.05396349433116, 5.66123202729743, 6.47978617914513,
5.01729868643563, 3.97102436470581, 3.70084393066981, 3.07859704490208, 3.02045967076, 2.18264133255604,
1.62855958692427, 1.66817532801421, 1.2911742190565, 0.947442227775669, 0.651329250706439, 0.553539222247181,
0.51953427979624, 0.422597380272103, 0.278915400538247)
