D <- 2.5
N_patients <- 36
patient_ID <- 
c(1, 1, 1, 1, 1, 1, 1, 1, 2, 2, 2, 2, 2, 2, 2, 2, 3, 3, 3, 3, 3, 3,
3, 3, 4, 4, 4, 4, 4, 4, 4, 4, 5, 5, 5, 5, 5, 5, 5, 5, 6, 6, 6, 6, 6, 6, 6, 6, 7, 7,
7, 7, 7, 7, 7, 7, 8, 8, 8, 8, 8, 8, 8, 8, 9, 9, 9, 9, 9, 9, 9, 9, 10, 10, 10, 10,
10, 10, 10, 10, 11, 11, 11, 11, 11, 11, 11, 11, 12, 12, 12, 12, 12, 12, 12, 12, 13,
13, 13, 13, 13, 13, 13, 13, 14, 14, 14, 14, 14, 14, 14, 14, 15, 15, 15, 15, 15, 15,
15, 15, 16, 16, 16, 16, 16, 16, 16, 16, 17, 17, 17, 17, 17, 17, 17, 17, 18, 18, 18,
18, 18, 18, 18, 18, 19, 19, 19, 19, 19, 19, 19, 19, 20, 20, 20, 20, 20, 20, 20, 20,
21, 21, 21, 21, 21, 21, 21, 21, 22, 22, 22, 22, 22, 22, 22, 22, 23, 23, 23, 23, 23,
23, 23, 23, 24, 24, 24, 24, 24, 24, 24, 24, 25, 25, 25, 25, 25, 25, 25, 25, 26, 26,
26, 26, 26, 26, 26, 26, 27, 27, 27, 27, 27, 27, 27, 27, 28, 28, 28, 28, 28, 28, 28,
28, 29, 29, 29, 29, 29, 29, 29, 29, 30, 30, 30, 30, 30, 30, 30, 30, 31, 31, 31, 31,
31, 31, 31, 31, 32, 32, 32, 32, 32, 32, 32, 32, 33, 33, 33, 33, 33, 33, 33, 33, 34,
34, 34, 34, 34, 34, 34, 34, 35, 35, 35, 35, 35, 35, 35, 35, 36, 36, 36, 36, 36, 36,
36, 36)
X <- 
structure(c(1, 1, 1, 1, 1, 1, 1, 1, 1, 1, 1, 1, 1, 1, 1, 1, 1, 1, 1, 1, 1, 1, 1, 1,
1, 1, 1, 1, 1, 1, 1, 1, 1, 1, 1, 1, 1, 1, 1, 1, 1, 0, 0, 0, 0, 1, 1, 0, 1, 1, 1, 1,
0, 1, 1, 1, 0, 0, 1, 1, 1, 1, 0, 0, 0, 0, 1, 1, 1, 1, 1, 1, 1, 0, 0, 0, 0, 0, 1, 0,
0, 1, 0, 0, 0, 1, 1, 0, 0, 0, 0, 1, 1, 0, 1, 0, 0, 1, 0, 0, 0, 0, 1, 1, 1, 0, 0, 1,
31, 53, 32, 41, 62, 38, 44, 46, 58, 49, 55, 43, 40, 58, 46, 60, 64, 42, 63, 32, 70,
35, 50, 26, 65, 51, 39, 42, 49, 50, 63, 57, 60, 67, 52, 61, 63.5, 74.3, 56.3, 60.9,
65.5, 55, 87.2, 60.3, 59.9, 69.9, 80, 54.7, 77.5, 72.8, 136.6, 84.2, 89, 129.7,
97.3, 76.6, 62, 90.4, 109.4, 82.8, 68.6, 123.3, 135.8, 95.3, 109.4, 107.9, 121.5,
113.6, 108, 106.7, 105.1, 78, 86, 95, 57, 63, 66, 62, 95, 65, 65, 65, 61, 58, 60,
56, 72, 68.0285714285714, 50, 50, 77, 50, 78, 74, 65, 89, 86, 62, 77, 52, 76, 78,
64, 57, 74, 76, 70, 50, 1, 0, 0, 0, 0, 0, 0, 0, 0, 1, 0, 0, 0, 1, 1, 0, 0, 0, 0, 1,
0, 0, 1, 0, 0, 1, 0, 0, 0, 0, 1, 1, 1, 0, 0, 1),
.Dim = c(36, 7))
N <- 288
p <- 7
times <- 
c(0.5, 1, 2, 4, 6, 8, 10, 12, 0.5, 1, 2, 4, 6, 8, 10, 12, 0.5, 1, 2, 4, 6,
8, 10, 12, 0.5, 1, 2, 4, 6, 8, 10, 12, 0.5, 1, 2, 4, 6, 8, 10, 12, 0.5, 1, 2, 4, 6,
8, 10, 12, 0.5, 1, 2, 4, 6, 8, 10, 12, 0.5, 1, 2, 4, 6, 8, 10, 12, 0.5, 1, 2, 4, 6,
8, 10, 12, 0.5, 1, 2, 4, 6, 8, 10, 12, 0.5, 1, 2, 4, 6, 8, 10, 12, 0.5, 1, 2, 4, 6,
8, 10, 12, 0.5, 1, 2, 4, 6, 8, 10, 12, 0.5, 1, 2, 4, 6, 8, 10, 12, 0.5, 1, 2, 4, 6,
8, 10, 12, 0.5, 1, 2, 4, 6, 8, 10, 12, 0.5, 1, 2, 4, 6, 8, 10, 12, 0.5, 1, 2, 4, 6,
8, 10, 12, 0.5, 1, 2, 4, 6, 8, 10, 12, 0.5, 1, 2, 4, 6, 8, 10, 12, 0.5, 1, 2, 4, 6,
8, 10, 12, 0.5, 1, 2, 4, 6, 8, 10, 12, 0.5, 1, 2, 4, 6, 8, 10, 12, 0.5, 1, 2, 4, 6,
8, 10, 12, 0.5, 1, 2, 4, 6, 8, 10, 12, 0.5, 1, 2, 4, 6, 8, 10, 12, 0.5, 1, 2, 4, 6,
8, 10, 12, 0.5, 1, 2, 4, 6, 8, 10, 12, 0.5, 1, 2, 4, 6, 8, 10, 12, 0.5, 1, 2, 4, 6,
8, 10, 12, 0.5, 1, 2, 4, 6, 8, 10, 12, 0.5, 1, 2, 4, 6, 8, 10, 12, 0.5, 1, 2, 4, 6,
8, 10, 12, 0.5, 1, 2, 4, 6, 8, 10, 12, 0.5, 1, 2, 4, 6, 8, 10, 12, 0.5, 1, 2, 4, 6,
8, 10, 12)
C_hat <- 
c(7e-04, 0.0327, 0.0797, 0.0592, 0.0422, 0.0234, 0.0164, 0.0329, 0.0082,
0.0454, 0.0697, 0.0756, 0.07, 0.0401, 0.0268, 0.021, 0.0133, 0.1179, 0.1027, 0.2016,
0.119, 0.0892, 0.0659, 0.0496, 0.0156, 0.0978, 0.103, 0.1062, 0.0774, 0.0501, 0.042,
0.0334, 0.1021, 0.1658, 0.1515, 0.144, 0.0942, 0.0627, 0.0356, 0.0484, 0.0337,
0.0845, 0.1172, 0.0986, 0.0652, 0.0494, 0.0372, 0.0254, 0.0374, 0.0744, 0.0799,
0.0725, 0.0536, 0.0378, 0.0311, 0.0214, 0.0263, 0.0655, 0.162, 0.1263, 0.0936,
0.0736, 0.0623, 0.0539, 0.0823, 0.1034, 0.1041, 0.081, 0.0524, 0.0354, 0.0314,
0.0209, 0.0066, 0.0077, 0.0129, 0.0448, 0.0378, 0.0275, 0.0231, 0.016, 0.0752,
0.0761, 0.0771, 0.0735, 0.0646, 0.0482, 0.0336, 0.0249, 0.0067, 0.0384, 0.0944,
0.0838, 0.0793, 0.0573, 0.0441, 0.0321, 0.0043, 0.0346, 0.0838, 0.0728, 0.0447,
0.0341, 0.0262, 0.0237, 0.0106, 0.0611, 0.0678, 0.0671, 0.0417, 0.0314, 0.0261,
0.0169, 0.0046, 0.0354, 0.0322, 0.0271, 0.0167, 0.0126, 0.0089, 0.0047, 0.0159,
0.0591, 0.0781, 0.0758, 0.0431, 0.0346, 0.025, 0.0196, 0.0179, 0.0822, 0.1265,
0.1055, 0.0652, 0.0375, 0.0278, 0.0188, 0.0039, 0.0211, 0.0428, 0.0661, 0.0525,
0.0477, 0.0383, 0.0243, 0.0071, 0.0823, 0.0787, 0.0585, 0.039, 0.0274, 0.0231,
0.0193, 0.0282, 0.0661, 0.0641, 0.0616, 0.0432, 0.0311, 0.029, 0.0196, 0.0211,
0.0499, 0.0468, 0.0425, 0.0324, 0.0216, 0.0174, 0.0112, 0.018, 0.0652, 0.123,
0.1053, 0.0575, 0.0359, 0.0225, 0.0138, 0.0138, 0.041, 0.0398, 0.0421, 0.0313,
0.0211, 0.017, 0.0087, 0.0052, 0.0432, 0.0822, 0.0803, 0.0562, 0.0382, 0.0278,
0.018, 0.0379, 0.1199, 0.1257, 0.0984, 0.0594, 0.0423, 0.033, 0.0225, 0.0074,
0.0183, 0.0233, 0.0297, 0.0224, 0.0174, 0.0158, 0.0108, 0.0156, 0.0392, 0.0574,
0.0686, 0.0455, 0.0391, 0.0183, 0.0123, 0.0241, 0.0505, 0.0861, 0.0914, 0.0579,
0.0431, 0.033, 0.02, 0.0194, 0.041, 0.0597, 0.0713, 0.0559, 0.0429, 0.0355, 0.0238,
0.0311, 0.0659, 0.0821, 0.0903, 0.0623, 0.043, 0.0306, 0.021, 0.0143, 0.0412,
0.0609, 0.0583, 0.0388, 0.0277, 0.0199, 0.0144, 0.0049, 0.0226, 0.0558, 0.0418,
0.033, 0.0242, 0.0208, 0.0137, 0.01, 0.0192, 0.0227, 0.0323, 0.03, 0.0305, 0.0254,
0.0175, 0.0021, 0.0135, 0.0378, 0.0796, 0.0741, 0.061, 0.0507, 0.0419, 0.0124,
0.0363, 0.0457, 0.057, 0.0428, 0.0394, 0.0376, 0.0269, 0.0017, 0.0096, 0.0271,
0.0439, 0.037, 0.0278, 0.0218, 0.0146)
