D <- 2.5
N_patients <- 36
patient_ID <- 
c(1, 1, 1, 1, 1, 1, 1, 1, 2, 2, 2, 2, 2, 2, 2, 2, 3, 3, 3, 3, 3, 3, 3, 3, 4, 4,
4, 4, 4, 4, 4, 4, 5, 5, 5, 5, 5, 5, 5, 5, 6, 6, 6, 6, 6, 6, 6, 6, 7, 7, 7, 7, 7, 7, 7, 7, 8,
8, 8, 8, 8, 8, 8, 8, 9, 9, 9, 9, 9, 9, 9, 9, 10, 10, 10, 10, 10, 10, 10, 10, 11, 11, 11, 11,
11, 11, 11, 11, 12, 12, 12, 12, 12, 12, 12, 12, 13, 13, 13, 13, 13, 13, 13, 13, 14, 14, 14,
14, 14, 14, 14, 14, 15, 15, 15, 15, 15, 15, 15, 15, 16, 16, 16, 16, 16, 16, 16, 16, 17, 17,
17, 17, 17, 17, 17, 17, 18, 18, 18, 18, 18, 18, 18, 18, 19, 19, 19, 19, 19, 19, 19, 19, 20,
20, 20, 20, 20, 20, 20, 20, 21, 21, 21, 21, 21, 21, 21, 21, 22, 22, 22, 22, 22, 22, 22, 22,
23, 23, 23, 23, 23, 23, 23, 23, 24, 24, 24, 24, 24, 24, 24, 24, 25, 25, 25, 25, 25, 25, 25,
25, 26, 26, 26, 26, 26, 26, 26, 26, 27, 27, 27, 27, 27, 27, 27, 27, 28, 28, 28, 28, 28, 28,
28, 28, 29, 29, 29, 29, 29, 29, 29, 29, 30, 30, 30, 30, 30, 30, 30, 30, 31, 31, 31, 31, 31,
31, 31, 31, 32, 32, 32, 32, 32, 32, 32, 32, 33, 33, 33, 33, 33, 33, 33, 33, 34, 34, 34, 34,
34, 34, 34, 34, 35, 35, 35, 35, 35, 35, 35, 35, 36, 36, 36, 36, 36, 36, 36, 36)
X <- 
structure(c(1, 1, 1, 1, 1, 1, 1, 1, 1, 1, 1, 1, 1, 1, 1, 1, 1, 1, 1, 1, 1, 1, 1, 1, 1, 1, 1,
1, 1, 1, 1, 1, 1, 1, 1, 1, 1, 1, 1, 1, 1, 0, 0, 0, 0, 1, 1, 0, 1, 1, 1, 1, 0, 1, 1, 1, 0, 0,
1, 1, 1, 1, 0, 0, 0, 0, 1, 1, 1, 1, 1, 1, 1, 0, 0, 0, 0, 0, 1, 0, 0, 1, 0, 0, 0, 1, 1, 0, 0,
0, 0, 1, 1, 0, 1, 0, 0, 1, 0, 0, 0, 0, 1, 1, 1, 0, 0, 1, -1.65762297482802, 0.278715367448959,
-1.56960759563361, -0.77746918288394, 1.07085378019863, -1.04151532046716, -0.513423045300715,
-0.337392286911899, 0.718792263421001, -0.0733461493286738, 0.454746125837776,
-0.601438424495123, -0.865484562078348, 0.718792263421001, -0.337392286911899,
0.894823021809817, 1.24688453858745, -0.689453803689532, 1.15886915939304, -1.56960759563361,
1.7749768137539, -1.30556145805039, 0.0146692298657345, -2.09769987080006, 1.33489991778186,
0.102684609060143, -0.953499941272757, -0.689453803689532, -0.0733461493286738,
0.0146692298657345, 1.15886915939304, 0.630776884226593, 0.894823021809817, 1.51093067617068,
0.190699988254551, 0.982838401004226, -1.01973426186252, -0.570727828100176,
-1.31907188437074, -1.12782840332382, -0.936584922276898, -1.3731189551014,
-0.0344145877729362, -1.15277320519951, -1.16940307311663, -0.753656375188537,
-0.333752210281163, -1.38559135603924, -0.437688884763187, -0.63308983278939,
2.01937409999184, -0.159138597151364, 0.0404198178541204, 1.73250887842146, 0.385489577134437,
-0.475106087576715, -1.08209626655173, 0.0986243555640537, 0.88854308162743,
-0.217343134861297, -0.80770344591919, 1.46643099174748, 1.9861143641576, 0.302340237548819,
0.88854308162743, 0.826181076938216, 1.39159658612042, 1.06315669475723, 0.830338543917497,
0.776291473186845, 0.70977200151835, -0.416901549866782, 1.46035971924282, 2.19170043714662,
-0.896182594002747, -0.408622115400216, -0.164841876098951, -0.489882195167305,
2.19170043714662, -0.246101955866039, -0.246101955866039, -0.246101955866039,
-0.571142274934393, -0.814922514235659, -0.652402354701482, -0.977442673769836,
0.32271860250358, 0, -1.46500315237237, -1.46500315237237, 0.729019001339023,
-1.46500315237237, 0.810279081106111, 0.485238762037757, -0.246101955866039, 1.70413995854409,
1.46035971924282, -0.489882195167305, 0.729019001339023, -1.30248299283819, 0.647758921571934,
0.810279081106111, -0.327362035633128, -0.896182594002747, 0.485238762037757,
0.647758921571934, 0.160198442969403, -1.46500315237237, 1, 0, 0, 0, 0, 0, 0, 0, 0, 1, 0, 0,
0, 1, 1, 0, 0, 0, 0, 1, 0, 0, 1, 0, 0, 1, 0, 0, 0, 0, 1, 1, 1, 0, 0, 1),
.Dim = c(36, 7))
N <- 288
p <- 7
times <- 
c(0.5, 1, 2, 4, 6, 8, 10, 12, 0.5, 1, 2, 4, 6, 8, 10, 12, 0.5, 1, 2, 4, 6, 8, 10,
12, 0.5, 1, 2, 4, 6, 8, 10, 12, 0.5, 1, 2, 4, 6, 8, 10, 12, 0.5, 1, 2, 4, 6, 8, 10, 12, 0.5,
1, 2, 4, 6, 8, 10, 12, 0.5, 1, 2, 4, 6, 8, 10, 12, 0.5, 1, 2, 4, 6, 8, 10, 12, 0.5, 1, 2, 4,
6, 8, 10, 12, 0.5, 1, 2, 4, 6, 8, 10, 12, 0.5, 1, 2, 4, 6, 8, 10, 12, 0.5, 1, 2, 4, 6, 8, 10,
12, 0.5, 1, 2, 4, 6, 8, 10, 12, 0.5, 1, 2, 4, 6, 8, 10, 12, 0.5, 1, 2, 4, 6, 8, 10, 12, 0.5,
1, 2, 4, 6, 8, 10, 12, 0.5, 1, 2, 4, 6, 8, 10, 12, 0.5, 1, 2, 4, 6, 8, 10, 12, 0.5, 1, 2, 4,
6, 8, 10, 12, 0.5, 1, 2, 4, 6, 8, 10, 12, 0.5, 1, 2, 4, 6, 8, 10, 12, 0.5, 1, 2, 4, 6, 8, 10,
12, 0.5, 1, 2, 4, 6, 8, 10, 12, 0.5, 1, 2, 4, 6, 8, 10, 12, 0.5, 1, 2, 4, 6, 8, 10, 12, 0.5,
1, 2, 4, 6, 8, 10, 12, 0.5, 1, 2, 4, 6, 8, 10, 12, 0.5, 1, 2, 4, 6, 8, 10, 12, 0.5, 1, 2, 4,
6, 8, 10, 12, 0.5, 1, 2, 4, 6, 8, 10, 12, 0.5, 1, 2, 4, 6, 8, 10, 12, 0.5, 1, 2, 4, 6, 8, 10,
12, 0.5, 1, 2, 4, 6, 8, 10, 12, 0.5, 1, 2, 4, 6, 8, 10, 12, 0.5, 1, 2, 4, 6, 8, 10, 12)
C_hat <- 
c(7e-04, 0.0327, 0.0797, 0.0592, 0.0422, 0.0234, 0.0164, 0.0329, 0.0082, 0.0454,
0.0697, 0.0756, 0.07, 0.0401, 0.0268, 0.021, 0.0133, 0.1179, 0.1027, 0.2016, 0.119, 0.0892,
0.0659, 0.0496, 0.0156, 0.0978, 0.103, 0.1062, 0.0774, 0.0501, 0.042, 0.0334, 0.1021, 0.1658,
0.1515, 0.144, 0.0942, 0.0627, 0.0356, 0.0484, 0.0337, 0.0845, 0.1172, 0.0986, 0.0652, 0.0494,
0.0372, 0.0254, 0.0374, 0.0744, 0.0799, 0.0725, 0.0536, 0.0378, 0.0311, 0.0214, 0.0263,
0.0655, 0.162, 0.1263, 0.0936, 0.0736, 0.0623, 0.0539, 0.0823, 0.1034, 0.1041, 0.081, 0.0524,
0.0354, 0.0314, 0.0209, 0.0066, 0.0077, 0.0129, 0.0448, 0.0378, 0.0275, 0.0231, 0.016, 0.0752,
0.0761, 0.0771, 0.0735, 0.0646, 0.0482, 0.0336, 0.0249, 0.0067, 0.0384, 0.0944, 0.0838,
0.0793, 0.0573, 0.0441, 0.0321, 0.0043, 0.0346, 0.0838, 0.0728, 0.0447, 0.0341, 0.0262,
0.0237, 0.0106, 0.0611, 0.0678, 0.0671, 0.0417, 0.0314, 0.0261, 0.0169, 0.0046, 0.0354,
0.0322, 0.0271, 0.0167, 0.0126, 0.0089, 0.0047, 0.0159, 0.0591, 0.0781, 0.0758, 0.0431,
0.0346, 0.025, 0.0196, 0.0179, 0.0822, 0.1265, 0.1055, 0.0652, 0.0375, 0.0278, 0.0188, 0.0039,
0.0211, 0.0428, 0.0661, 0.0525, 0.0477, 0.0383, 0.0243, 0.0071, 0.0823, 0.0787, 0.0585, 0.039,
0.0274, 0.0231, 0.0193, 0.0282, 0.0661, 0.0641, 0.0616, 0.0432, 0.0311, 0.029, 0.0196, 0.0211,
0.0499, 0.0468, 0.0425, 0.0324, 0.0216, 0.0174, 0.0112, 0.018, 0.0652, 0.123, 0.1053, 0.0575,
0.0359, 0.0225, 0.0138, 0.0138, 0.041, 0.0398, 0.0421, 0.0313, 0.0211, 0.017, 0.0087, 0.0052,
0.0432, 0.0822, 0.0803, 0.0562, 0.0382, 0.0278, 0.018, 0.0379, 0.1199, 0.1257, 0.0984, 0.0594,
0.0423, 0.033, 0.0225, 0.0074, 0.0183, 0.0233, 0.0297, 0.0224, 0.0174, 0.0158, 0.0108, 0.0156,
0.0392, 0.0574, 0.0686, 0.0455, 0.0391, 0.0183, 0.0123, 0.0241, 0.0505, 0.0861, 0.0914,
0.0579, 0.0431, 0.033, 0.02, 0.0194, 0.041, 0.0597, 0.0713, 0.0559, 0.0429, 0.0355, 0.0238,
0.0311, 0.0659, 0.0821, 0.0903, 0.0623, 0.043, 0.0306, 0.021, 0.0143, 0.0412, 0.0609, 0.0583,
0.0388, 0.0277, 0.0199, 0.0144, 0.0049, 0.0226, 0.0558, 0.0418, 0.033, 0.0242, 0.0208, 0.0137,
0.01, 0.0192, 0.0227, 0.0323, 0.03, 0.0305, 0.0254, 0.0175, 0.0021, 0.0135, 0.0378, 0.0796,
0.0741, 0.061, 0.0507, 0.0419, 0.0124, 0.0363, 0.0457, 0.057, 0.0428, 0.0394, 0.0376, 0.0269,
0.0017, 0.0096, 0.0271, 0.0439, 0.037, 0.0278, 0.0218, 0.0146)
