D <- 2.5
times <- 
c(0.5, 1, 2, 4, 6, 8, 10, 12)
N_t <- 8
N_patients <- 36
C_hat <- 
structure(c(1, 3, 4, 5, 6, 7, 8, 9, 10, 11, 12, 13, 14, 15, 16, 17, 18, 19, 20, 21, 22, 23, 24,
25, 26, 27, 28, 29, 30, 31, 32, 33, 34, 35, 36, 37, 7e-04, 0.0082, 0.0133, 0.0156, 0.1021, 0.0337,
0.0374, 0.0263, 0.0823, 0.0066, 0.0752, 0.0067, 0.0043, 0.0106, 0.0046, 0.0159, 0.0179, 0.0039,
0.0071, 0.0282, 0.0211, 0.018, 0.0138, 0.0052, 0.0379, 0.0074, 0.0156, 0.0241, 0.0194, 0.0311,
0.0143, 0.0049, 0.01, 0.0021, 0.0124, 0.0017, 0.0327, 0.0454, 0.1179, 0.0978, 0.1658, 0.0845,
0.0744, 0.0655, 0.1034, 0.0077, 0.0761, 0.0384, 0.0346, 0.0611, 0.0354, 0.0591, 0.0822, 0.0211,
0.0823, 0.0661, 0.0499, 0.0652, 0.041, 0.0432, 0.1199, 0.0183, 0.0392, 0.0505, 0.041, 0.0659,
0.0412, 0.0226, 0.0192, 0.0135, 0.0363, 0.0096, 0.0797, 0.0697, 0.1027, 0.103, 0.1515, 0.1172,
0.0799, 0.162, 0.1041, 0.0129, 0.0771, 0.0944, 0.0838, 0.0678, 0.0322, 0.0781, 0.1265, 0.0428,
0.0787, 0.0641, 0.0468, 0.123, 0.0398, 0.0822, 0.1257, 0.0233, 0.0574, 0.0861, 0.0597, 0.0821,
0.0609, 0.0558, 0.0227, 0.0378, 0.0457, 0.0271, 0.0592, 0.0756, 0.2016, 0.1062, 0.144, 0.0986,
0.0725, 0.1263, 0.081, 0.0448, 0.0735, 0.0838, 0.0728, 0.0671, 0.0271, 0.0758, 0.1055, 0.0661,
0.0585, 0.0616, 0.0425, 0.1053, 0.0421, 0.0803, 0.0984, 0.0297, 0.0686, 0.0914, 0.0713, 0.0903,
0.0583, 0.0418, 0.0323, 0.0796, 0.057, 0.0439, 0.0422, 0.07, 0.119, 0.0774, 0.0942, 0.0652,
0.0536, 0.0936, 0.0524, 0.0378, 0.0646, 0.0793, 0.0447, 0.0417, 0.0167, 0.0431, 0.0652, 0.0525,
0.039, 0.0432, 0.0324, 0.0575, 0.0313, 0.0562, 0.0594, 0.0224, 0.0455, 0.0579, 0.0559, 0.0623,
0.0388, 0.033, 0.03, 0.0741, 0.0428, 0.037, 0.0234, 0.0401, 0.0892, 0.0501, 0.0627, 0.0494,
0.0378, 0.0736, 0.0354, 0.0275, 0.0482, 0.0573, 0.0341, 0.0314, 0.0126, 0.0346, 0.0375, 0.0477,
0.0274, 0.0311, 0.0216, 0.0359, 0.0211, 0.0382, 0.0423, 0.0174, 0.0391, 0.0431, 0.0429, 0.043,
0.0277, 0.0242, 0.0305, 0.061, 0.0394, 0.0278, 0.0164, 0.0268, 0.0659, 0.042, 0.0356, 0.0372,
0.0311, 0.0623, 0.0314, 0.0231, 0.0336, 0.0441, 0.0262, 0.0261, 0.0089, 0.025, 0.0278, 0.0383,
0.0231, 0.029, 0.0174, 0.0225, 0.017, 0.0278, 0.033, 0.0158, 0.0183, 0.033, 0.0355, 0.0306,
0.0199, 0.0208, 0.0254, 0.0507, 0.0376, 0.0218, 0.0329, 0.021, 0.0496, 0.0334, 0.0484, 0.0254,
0.0214, 0.0539, 0.0209, 0.016, 0.0249, 0.0321, 0.0237, 0.0169, 0.0047, 0.0196, 0.0188, 0.0243,
0.0193, 0.0196, 0.0112, 0.0138, 0.0087, 0.018, 0.0225, 0.0108, 0.0123, 0.02, 0.0238, 0.021,
0.0144, 0.0137, 0.0175, 0.0419, 0.0269, 0.0146),
.Dim = c(36, 9))
t0 <- 0
C0 <- 
structure(c(0),
.Dim = c(1))
