t0 <- 0
C0 <- 
structure(c(0),
.Dim = c(1))
D <- 2.5
times <- 
c(0.5, 1, 2, 4, 6, 8, 10, 12)
N_t <- 8
N_patients <- 36
C_hat <- 
structure(c(0.007, 0.082, 0.133, 0.156, 1.021, 0.337, 0.374, 0.263, 0.823, 0.066, 0.752, 0.067, 0.043, 0.106, 0.046, 0.159, 0.179,
0.039, 0.071, 0.282, 0.211, 0.18, 0.138, 0.052, 0.379, 0.074, 0.156, 0.241, 0.194, 0.311, 0.143, 0.049, 0.1, 0.021, 0.124, 0.017, 0.327,
0.454, 1.179, 0.978, 1.658, 0.845, 0.744, 0.655, 1.034, 0.077, 0.761, 0.384, 0.346, 0.611, 0.354, 0.591, 0.822, 0.211, 0.823, 0.661,
0.499, 0.652, 0.41, 0.432, 1.199, 0.183, 0.392, 0.505, 0.41, 0.659, 0.412, 0.226, 0.192, 0.135, 0.363, 0.096, 0.797, 0.697, 1.027, 1.03,
1.515, 1.172, 0.799, 1.62, 1.041, 0.129, 0.771, 0.944, 0.838, 0.678, 0.322, 0.781, 1.265, 0.428, 0.787, 0.641, 0.468, 1.23, 0.398,
0.822, 1.257, 0.233, 0.574, 0.861, 0.597, 0.821, 0.609, 0.558, 0.227, 0.378, 0.457, 0.271, 0.592, 0.756, 2.016, 1.062, 1.44, 0.986,
0.725, 1.263, 0.81, 0.448, 0.735, 0.838, 0.728, 0.671, 0.271, 0.758, 1.055, 0.661, 0.585, 0.616, 0.425, 1.053, 0.421, 0.803, 0.984,
0.297, 0.686, 0.914, 0.713, 0.903, 0.583, 0.418, 0.323, 0.796, 0.57, 0.439, 0.422, 0.7, 1.19, 0.774, 0.942, 0.652, 0.536, 0.936, 0.524,
0.378, 0.646, 0.793, 0.447, 0.417, 0.167, 0.431, 0.652, 0.525, 0.39, 0.432, 0.324, 0.575, 0.313, 0.562, 0.594, 0.224, 0.455, 0.579,
0.559, 0.623, 0.388, 0.33, 0.3, 0.741, 0.428, 0.37, 0.234, 0.401, 0.892, 0.501, 0.627, 0.494, 0.378, 0.736, 0.354, 0.275, 0.482, 0.573,
0.341, 0.314, 0.126, 0.346, 0.375, 0.477, 0.274, 0.311, 0.216, 0.359, 0.211, 0.382, 0.423, 0.174, 0.391, 0.431, 0.429, 0.43, 0.277,
0.242, 0.305, 0.61, 0.394, 0.278, 0.164, 0.268, 0.659, 0.42, 0.356, 0.372, 0.311, 0.623, 0.314, 0.231, 0.336, 0.441, 0.262, 0.261,
0.089, 0.25, 0.278, 0.383, 0.231, 0.29, 0.174, 0.225, 0.17, 0.278, 0.33, 0.158, 0.183, 0.33, 0.355, 0.306, 0.199, 0.208, 0.254, 0.507,
0.376, 0.218, 0.329, 0.21, 0.496, 0.334, 0.484, 0.254, 0.214, 0.539, 0.209, 0.16, 0.249, 0.321, 0.237, 0.169, 0.047, 0.196, 0.188,
0.243, 0.193, 0.196, 0.112, 0.138, 0.087, 0.18, 0.225, 0.108, 0.123, 0.2, 0.238, 0.21, 0.144, 0.137, 0.175, 0.419, 0.269, 0.146),
.Dim = c(36, 8))
utimes <- 
c(0.5, 0.73469387755102, 0.969387755102041, 1.20408163265306, 1.43877551020408, 1.6734693877551, 1.90816326530612,
2.14285714285714, 2.37755102040816, 2.61224489795918, 2.8469387755102, 3.08163265306122, 3.31632653061224, 3.55102040816327,
3.78571428571429, 4.02040816326531, 4.25510204081633, 4.48979591836735, 4.72448979591837, 4.95918367346939, 5.19387755102041,
5.42857142857143, 5.66326530612245, 5.89795918367347, 6.13265306122449, 6.36734693877551, 6.60204081632653, 6.83673469387755,
7.07142857142857, 7.30612244897959, 7.54081632653061, 7.77551020408163, 8.01020408163265, 8.24489795918367, 8.47959183673469,
8.71428571428572, 8.94897959183674, 9.18367346938776, 9.41836734693878, 9.6530612244898, 9.88775510204082, 10.1224489795918,
10.3571428571429, 10.5918367346939, 10.8265306122449, 11.0612244897959, 11.2959183673469, 11.530612244898, 11.765306122449, 12)
N_ut <- 50
X <- 
structure(c(1, 1, 1, 1, 1, 1, 1, 1, 1, 1, 1, 1, 1, 1, 1, 1, 1, 1, 1, 1, 1, 1, 1, 1, 1, 1, 1, 1, 1, 1, 1, 1, 1, 1, 1, 1, 1, 0, 0, 0, 0,
0, 1, 0, 0, 1, 0, 0, 0, 1, 1, 0, 0, 0, 0, 1, 1, 0, 1, 0, 0, 1, 0, 0, 0, 0, 1, 1, 1, 0, 0, 1, 1, 1, 1, 1, 1, 0, 0, 0, 0, 1, 1, 0, 1, 1,
1, 1, 0, 1, 1, 1, 0, 0, 1, 1, 1, 1, 0, 0, 0, 0, 1, 1, 1, 1, 1, 1, 1, 0, 0, 0, 0, 0, 0, 0, 0, 1, 0, 0, 0, 1, 1, 0, 0, 0, 0, 1, 0, 0, 1,
0, 0, 1, 0, 0, 0, 0, 1, 1, 1, 0, 0, 1),
.Dim = c(36, 4))
