t0 <- 0
C0 <- 
structure(c(0),
.Dim = c(1))
D <- 2.5
times <- 
c(0.5, 1, 2, 4, 6, 8, 10, 12)
N_t <- 288
C_hat <- 
c(33.7, 84.5, 117.2, 98.6, 65.2, 49.4, 37.2, 25.4, 37.4, 74.4, 79.9, 72.5, 53.6, 37.8, 31.1, 21.4, 26.3,
65.5, 162, 126.3, 93.6, 73.6, 62.3, 53.9, 82.3, 103.4, 104.1, 81, 52.4, 35.4, 31.4, 20.9, 6.7, 38.4, 94.4, 83.8,
79.3, 57.3, 44.1, 32.1, 17.9, 82.2, 126.5, 105.5, 65.2, 37.5, 27.8, 18.8, 21.1, 49.9, 46.8, 42.5, 32.4, 21.6, 17.4,
11.2, 18, 65.2, 123, 105.3, 57.5, 35.9, 22.5, 13.8, 15.6, 39.2, 57.4, 68.6, 45.5, 39.1, 18.3, 12.3, 24.1, 50.5,
86.1, 91.4, 57.9, 43.1, 33, 20, 19.4, 41, 59.7, 71.3, 55.9, 42.9, 35.5, 23.8, 31.1, 65.9, 82.1, 90.3, 62.3, 43,
30.6, 21, 0.7, 32.7, 79.7, 59.2, 42.2, 23.4, 16.4, 32.9, 8.2, 45.4, 69.7, 75.6, 70, 40.1, 26.8, 21, 13.3, 117.9,
102.7, 201.6, 119, 89.2, 65.9, 49.6, 15.6, 97.8, 103, 106.2, 77.4, 50.1, 42, 33.4, 102.1, 165.8, 151.5, 144, 94.2,
62.7, 35.6, 48.4, 6.6, 7.7, 12.9, 44.8, 37.8, 27.5, 23.1, 16, 75.2, 76.1, 77.1, 73.5, 64.6, 48.2, 33.6, 24.9, 4.3,
34.6, 83.8, 72.8, 44.7, 34.1, 26.2, 23.7, 10.6, 61.1, 67.8, 67.1, 41.7, 31.4, 26.1, 16.9, 4.6, 35.4, 32.2, 27.1,
16.7, 12.6, 8.9, 4.7, 15.9, 59.1, 78.1, 75.8, 43.1, 34.6, 25, 19.6, 3.9, 21.1, 42.8, 66.1, 52.5, 47.7, 38.3, 24.3,
7.1, 82.3, 78.7, 58.5, 39, 27.4, 23.1, 19.3, 28.2, 66.1, 64.1, 61.6, 43.2, 31.1, 29, 19.6, 13.8, 41, 39.8, 42.1,
31.3, 21.1, 17, 8.7, 5.2, 43.2, 82.2, 80.3, 56.2, 38.2, 27.8, 18, 37.9, 119.9, 125.7, 98.4, 59.4, 42.3, 33, 22.5,
7.4, 18.3, 23.3, 29.7, 22.4, 17.4, 15.8, 10.8, 14.3, 41.2, 60.9, 58.3, 38.8, 27.7, 19.9, 14.4, 4.9, 22.6, 55.8,
41.8, 33, 24.2, 20.8, 13.7, 10, 19.2, 22.7, 32.3, 30, 30.5, 25.4, 17.5, 2.1, 13.5, 37.8, 79.6, 74.1, 61, 50.7, 41.9,
12.4, 36.3, 45.7, 57, 42.8, 39.4, 37.6, 26.9, 1.7, 9.6, 27.1, 43.9, 37, 27.8, 21.8, 14.6)
N_tt <- 8
ix <- 
c(1, 2, 3, 4, 5, 6, 7, 8, 1, 2, 3, 4, 5, 6, 7, 8, 1, 2, 3, 4, 5, 6, 7, 8, 1, 2, 3, 4, 5, 6, 7, 8, 1, 2, 3, 4,
5, 6, 7, 8, 1, 2, 3, 4, 5, 6, 7, 8, 1, 2, 3, 4, 5, 6, 7, 8, 1, 2, 3, 4, 5, 6, 7, 8, 1, 2, 3, 4, 5, 6, 7, 8, 1, 2, 3,
4, 5, 6, 7, 8, 1, 2, 3, 4, 5, 6, 7, 8, 1, 2, 3, 4, 5, 6, 7, 8, 1, 2, 3, 4, 5, 6, 7, 8, 1, 2, 3, 4, 5, 6, 7, 8, 1, 2,
3, 4, 5, 6, 7, 8, 1, 2, 3, 4, 5, 6, 7, 8, 1, 2, 3, 4, 5, 6, 7, 8, 1, 2, 3, 4, 5, 6, 7, 8, 1, 2, 3, 4, 5, 6, 7, 8, 1,
2, 3, 4, 5, 6, 7, 8, 1, 2, 3, 4, 5, 6, 7, 8, 1, 2, 3, 4, 5, 6, 7, 8, 1, 2, 3, 4, 5, 6, 7, 8, 1, 2, 3, 4, 5, 6, 7, 8,
1, 2, 3, 4, 5, 6, 7, 8, 1, 2, 3, 4, 5, 6, 7, 8, 1, 2, 3, 4, 5, 6, 7, 8, 1, 2, 3, 4, 5, 6, 7, 8, 1, 2, 3, 4, 5, 6, 7,
8, 1, 2, 3, 4, 5, 6, 7, 8, 1, 2, 3, 4, 5, 6, 7, 8, 1, 2, 3, 4, 5, 6, 7, 8, 1, 2, 3, 4, 5, 6, 7, 8, 1, 2, 3, 4, 5, 6,
7, 8, 1, 2, 3, 4, 5, 6, 7, 8, 1, 2, 3, 4, 5, 6, 7, 8)
