t0 <- 0
C0 <- 
structure(c(0),
.Dim = c(1))
D <- 2.5
times <- 
c(0.5, 1, 2, 4, 6, 8, 10, 12)
N_t <- 288
C_hat <- 
c(0.337, 0.845, 1.172, 0.986, 0.652, 0.494, 0.372, 0.254, 0.374, 0.744, 0.799, 0.725, 0.536, 0.378, 0.311, 0.214,
0.263, 0.655, 1.62, 1.263, 0.936, 0.736, 0.623, 0.539, 0.823, 1.034, 1.041, 0.81, 0.524, 0.354, 0.314, 0.209, 0.067, 0.384,
0.944, 0.838, 0.793, 0.573, 0.441, 0.321, 0.179, 0.822, 1.265, 1.055, 0.652, 0.375, 0.278, 0.188, 0.211, 0.499, 0.468, 0.425,
0.324, 0.216, 0.174, 0.112, 0.18, 0.652, 1.23, 1.053, 0.575, 0.359, 0.225, 0.138, 0.156, 0.392, 0.574, 0.686, 0.455, 0.391,
0.183, 0.123, 0.241, 0.505, 0.861, 0.914, 0.579, 0.431, 0.33, 0.2, 0.194, 0.41, 0.597, 0.713, 0.559, 0.429, 0.355, 0.238, 0.311,
0.659, 0.821, 0.903, 0.623, 0.43, 0.306, 0.21, 0.007, 0.327, 0.797, 0.592, 0.422, 0.234, 0.164, 0.329, 0.082, 0.454, 0.697,
0.756, 0.7, 0.401, 0.268, 0.21, 0.133, 1.179, 1.027, 2.016, 1.19, 0.892, 0.659, 0.496, 0.156, 0.978, 1.03, 1.062, 0.774, 0.501,
0.42, 0.334, 1.021, 1.658, 1.515, 1.44, 0.942, 0.627, 0.356, 0.484, 0.066, 0.077, 0.129, 0.448, 0.378, 0.275, 0.231, 0.16, 0.752,
0.761, 0.771, 0.735, 0.646, 0.482, 0.336, 0.249, 0.043, 0.346, 0.838, 0.728, 0.447, 0.341, 0.262, 0.237, 0.106, 0.611, 0.678,
0.671, 0.417, 0.314, 0.261, 0.169, 0.046, 0.354, 0.322, 0.271, 0.167, 0.126, 0.089, 0.047, 0.159, 0.591, 0.781, 0.758, 0.431,
0.346, 0.25, 0.196, 0.039, 0.211, 0.428, 0.661, 0.525, 0.477, 0.383, 0.243, 0.071, 0.823, 0.787, 0.585, 0.39, 0.274, 0.231,
0.193, 0.282, 0.661, 0.641, 0.616, 0.432, 0.311, 0.29, 0.196, 0.138, 0.41, 0.398, 0.421, 0.313, 0.211, 0.17, 0.087, 0.052, 0.432,
0.822, 0.803, 0.562, 0.382, 0.278, 0.18, 0.379, 1.199, 1.257, 0.984, 0.594, 0.423, 0.33, 0.225, 0.074, 0.183, 0.233, 0.297,
0.224, 0.174, 0.158, 0.108, 0.143, 0.412, 0.609, 0.583, 0.388, 0.277, 0.199, 0.144, 0.049, 0.226, 0.558, 0.418, 0.33, 0.242,
0.208, 0.137, 0.1, 0.192, 0.227, 0.323, 0.3, 0.305, 0.254, 0.175, 0.021, 0.135, 0.378, 0.796, 0.741, 0.61, 0.507, 0.419, 0.124,
0.363, 0.457, 0.57, 0.428, 0.394, 0.376, 0.269, 0.017, 0.096, 0.271, 0.439, 0.37, 0.278, 0.218, 0.146)
N_tt <- 8
ix <- 
c(1, 2, 3, 4, 5, 6, 7, 8, 1, 2, 3, 4, 5, 6, 7, 8, 1, 2, 3, 4, 5, 6, 7, 8, 1, 2, 3, 4, 5, 6, 7, 8, 1, 2, 3, 4, 5, 6, 7, 8,
1, 2, 3, 4, 5, 6, 7, 8, 1, 2, 3, 4, 5, 6, 7, 8, 1, 2, 3, 4, 5, 6, 7, 8, 1, 2, 3, 4, 5, 6, 7, 8, 1, 2, 3, 4, 5, 6, 7, 8, 1, 2, 3,
4, 5, 6, 7, 8, 1, 2, 3, 4, 5, 6, 7, 8, 1, 2, 3, 4, 5, 6, 7, 8, 1, 2, 3, 4, 5, 6, 7, 8, 1, 2, 3, 4, 5, 6, 7, 8, 1, 2, 3, 4, 5, 6,
7, 8, 1, 2, 3, 4, 5, 6, 7, 8, 1, 2, 3, 4, 5, 6, 7, 8, 1, 2, 3, 4, 5, 6, 7, 8, 1, 2, 3, 4, 5, 6, 7, 8, 1, 2, 3, 4, 5, 6, 7, 8, 1,
2, 3, 4, 5, 6, 7, 8, 1, 2, 3, 4, 5, 6, 7, 8, 1, 2, 3, 4, 5, 6, 7, 8, 1, 2, 3, 4, 5, 6, 7, 8, 1, 2, 3, 4, 5, 6, 7, 8, 1, 2, 3, 4,
5, 6, 7, 8, 1, 2, 3, 4, 5, 6, 7, 8, 1, 2, 3, 4, 5, 6, 7, 8, 1, 2, 3, 4, 5, 6, 7, 8, 1, 2, 3, 4, 5, 6, 7, 8, 1, 2, 3, 4, 5, 6, 7,
8, 1, 2, 3, 4, 5, 6, 7, 8, 1, 2, 3, 4, 5, 6, 7, 8, 1, 2, 3, 4, 5, 6, 7, 8, 1, 2, 3, 4, 5, 6, 7, 8)
